Domain_size k heur total_time solver_time
1000 2 0 0.3 0.27843
1000 4 0 2.37 2.338953
1000 6 0 14.7 14.56182
1000 8 0 86.18 85.214784
2000 2 0 0.32 0.290784
2000 4 0 2.41 2.376742
2000 6 0 15.24 15.089124
2000 8 0 89.17 88.171296
3000 2 0 0.29 0.26941
3000 4 0 2.4 2.36976
3000 6 0 15.73 15.583711
3000 8 0 91.48 90.482868
4000 2 0 0.29 0.269874
4000 4 0 2.36 2.328612
4000 6 0 15.44 15.287144
4000 8 0 92.83 91.836719
5000 2 0 0.3 0.27981
5000 4 0 2.43 2.396709
5000 6 0 16.0 15.8464
5000 8 0 93.53 92.529229
6000 2 0 0.29 0.271266
6000 4 0 2.61 2.574765
6000 6 0 15.85 15.70101
6000 8 0 93.29 92.319784
7000 2 0 0.32 0.297856
7000 4 0 2.44 2.40096
7000 6 0 15.85 15.702595
7000 8 0 93.25 92.289525
8000 2 0 0.29 0.27231
8000 4 0 2.44 2.410476
8000 6 0 15.75 15.600375
8000 8 0 93.05 92.06367
9000 2 0 0.31 0.289137
9000 4 0 2.51 2.479127
9000 6 0 16.35 16.201215
9000 8 0 97.8 96.83178
10000 2 0 0.3 0.27813
10000 4 0 2.57 2.538132
10000 6 0 17.31 17.138631
10000 8 0 97.56 96.574644
1000 2 1 0.3 0.27024
1000 4 1 2.37 2.333265
1000 6 1 14.6 14.48466
1000 8 1 84.24 83.633472
2000 2 1 0.3 0.28197
2000 4 1 2.38 2.347632
2000 6 1 14.96 14.8478
2000 8 1 88.28 87.635556
3000 2 1 0.3 0.27972
3000 4 1 2.37 2.341797
3000 6 1 15.41 15.292884
3000 8 1 89.69 89.071139
4000 2 1 0.29 0.271527
4000 4 1 2.45 2.41962
4000 6 1 15.44 15.325744
4000 8 1 88.44 87.829764
5000 2 1 0.29 0.274369
5000 4 1 2.4 2.37024
5000 6 1 15.87 15.755736
5000 8 1 92.01 91.384332
6000 2 1 0.29 0.2697
6000 4 1 2.48 2.446768
6000 6 1 15.69 15.556635
6000 8 1 90.64 90.041776
7000 2 1 0.29 0.271788
7000 4 1 2.39 2.362515
7000 6 1 16.58 16.457308
7000 8 1 91.55 90.94577
8000 2 1 0.28 0.266588
8000 4 1 2.42 2.39217
8000 6 1 15.64 15.519572
8000 8 1 90.92 90.310836
9000 2 1 0.28 0.267204
9000 4 1 2.48 2.452224
9000 6 1 16.15 16.041795
9000 8 1 96.0 95.376
10000 2 1 0.28 0.2667
10000 4 1 2.43 2.402298
10000 6 1 15.92 15.813336
10000 8 1 94.7 94.09392
1000 2 2 0.27 0.256473
1000 4 2 2.26 2.232428
1000 6 2 14.61 14.479971
1000 8 2 86.27 85.415927
2000 2 2 0.28 0.2674
2000 4 2 2.28 2.253324
2000 6 2 15.04 14.91216
2000 8 2 88.42 87.562326
3000 2 2 0.28 0.266924
3000 4 2 2.43 2.402298
3000 6 2 15.57 15.440769
3000 8 2 90.93 90.075258
4000 2 2 0.28 0.266728
4000 4 2 2.34 2.311686
4000 6 2 15.95 15.81602
4000 8 2 90.66 89.807796
5000 2 2 0.29 0.269642
5000 4 2 2.44 2.406572
5000 6 2 15.95 15.814425
5000 8 2 94.1 93.22487
6000 2 2 0.29 0.271034
6000 4 2 2.45 2.419865
6000 6 2 15.69 15.558204
6000 8 2 93.75 92.8875
7000 2 2 0.3 0.27993
7000 4 2 2.4 2.3676
7000 6 2 15.98 15.839376
7000 8 2 93.4 92.48468
8000 2 2 0.3 0.28506
8000 4 2 2.4 2.3592
8000 6 2 15.92 15.78468
8000 8 2 93.17 92.303519
9000 2 2 0.3 0.28431
9000 4 2 2.53 2.488761
9000 6 2 16.42 16.285356
9000 8 2 97.35 96.49332
10000 2 2 0.28 0.25984
10000 4 2 2.45 2.41962
10000 6 2 16.26 16.126668
10000 8 2 97.02 96.137118
1000 2 3 0.29 0.26506
1000 4 3 2.36 2.327668
1000 6 3 14.5 14.36805
1000 8 3 87.99 87.092502
2000 2 3 0.35 0.329455
2000 4 3 2.34 2.309112
2000 6 3 15.24 15.101316
2000 8 3 89.42 88.507916
3000 2 3 0.29 0.272658
3000 4 3 2.42 2.385878
3000 6 3 15.67 15.519568
3000 8 3 92.19 91.258881
4000 2 3 0.29 0.271585
4000 4 3 2.35 2.31992
4000 6 3 15.54 15.401694
4000 8 3 91.97 91.0503
5000 2 3 0.3 0.28392
5000 4 3 2.41 2.377224
5000 6 3 15.86 15.714088
5000 8 3 94.26 93.345678
6000 2 3 0.29 0.275007
6000 4 3 2.54 2.509774
6000 6 3 15.79 15.649469
6000 8 3 93.88 92.959976
7000 2 3 0.3 0.28203
7000 4 3 2.39 2.35893
7000 6 3 15.94 15.794946
7000 8 3 94.5 93.56445
8000 2 3 0.3 0.28227
8000 4 3 2.41 2.380598
8000 6 3 15.62 15.482544
8000 8 3 93.15 92.265075
9000 2 3 0.29 0.272078
9000 4 3 2.45 2.420845
9000 6 3 16.27 16.133332
9000 8 3 97.89 96.979623
10000 2 3 0.3 0.28002
10000 4 3 2.55 2.520165
10000 6 3 16.3 16.14026
10000 8 3 97.4 96.48444
1000 2 4 0.29 0.271179
1000 4 4 2.28 2.247396
1000 6 4 14.62 14.482572
1000 8 4 85.74 84.831156
2000 2 4 0.29 0.270483
2000 4 4 2.36 2.330264
2000 6 4 15.28 15.131784
2000 8 4 88.31 87.418069
3000 2 4 0.28 0.262892
3000 4 4 2.4 2.36592
3000 6 4 15.66 15.51906
3000 8 4 91.08 90.160092
4000 2 4 0.31 0.288114
4000 4 4 2.37 2.332317
4000 6 4 15.28 15.144008
4000 8 4 90.55 89.62639
5000 2 4 0.3 0.28179
5000 4 4 2.56 2.514944
5000 6 4 15.89 15.743812
5000 8 4 92.93 92.047165
6000 2 4 0.29 0.273122
6000 4 4 2.47 2.436408
6000 6 4 15.78 15.633246
6000 8 4 93.13 92.217326
7000 2 4 0.35 0.330225
7000 4 4 2.73 2.686866
7000 6 4 15.92 15.781496
7000 8 4 92.28 91.384884
8000 2 4 0.3 0.28551
8000 4 4 2.44 2.404132
8000 6 4 15.8 15.66412
8000 8 4 92.15 91.237715
9000 2 4 0.31 0.290842
9000 4 4 2.63 2.586342
9000 6 4 16.21 16.073836
9000 8 4 97.25 96.33585
10000 2 4 0.3 0.28176
10000 4 4 2.47 2.438631
10000 6 4 16.98 16.830576
10000 8 4 97.65 96.722325
1000 2 5 0.31 0.291586
1000 4 5 2.33 2.296215
1000 6 5 14.99 14.850593
1000 8 5 86.05 85.146475
2000 2 5 0.28 0.266028
2000 4 5 2.32 2.291928
2000 6 5 15.02 14.880314
2000 8 5 88.16 87.2784
3000 2 5 0.28 0.266364
3000 4 5 2.42 2.38975
3000 6 5 15.51 15.376614
3000 8 5 91.09 90.197318
4000 2 5 0.28 0.265832
4000 4 5 2.36 2.331208
4000 6 5 15.35 15.21799
4000 8 5 89.52 88.651656
5000 2 5 0.28 0.266196
5000 4 5 2.42 2.391444
5000 6 5 15.77 15.634378
5000 8 5 92.91 92.018064
6000 2 5 0.29 0.276022
6000 4 5 2.45 2.420845
6000 6 5 15.67 15.533671
6000 8 5 93.37 92.473648
7000 2 5 0.28 0.266644
7000 4 5 2.46 2.431218
7000 6 5 15.84 15.699024
7000 8 5 92.39 91.493817
8000 2 5 0.28 0.2667
8000 4 5 2.39 2.36132
8000 6 5 15.65 15.51541
8000 8 5 92.57 91.690585
9000 2 5 0.28 0.266224
9000 4 5 2.48 2.449992
9000 6 5 16.34 16.206012
9000 8 5 97.72 96.84052
10000 2 5 0.3 0.28548
10000 4 5 2.5 2.471
10000 6 5 16.14 16.006038
10000 8 5 96.15 95.275035
1000 2 6 0.3 0.28632
1000 4 6 2.32 2.291696
1000 6 6 14.49 14.349447
1000 8 6 86.07 85.217907
2000 2 6 0.33 0.316239
2000 4 6 2.36 2.33168
2000 6 6 15.0 14.8785
2000 8 6 88.48 87.657136
3000 2 6 0.29 0.276921
3000 4 6 2.39 2.36132
3000 6 6 15.63 15.503397
3000 8 6 90.3 89.47827
4000 2 6 0.3 0.28653
4000 4 6 2.32 2.291928
4000 6 6 15.3 15.16536
4000 8 6 89.68 88.845976
5000 2 6 0.29 0.27666
5000 4 6 2.44 2.412916
5000 6 6 15.8 15.67202
5000 8 6 93.09 92.270808
6000 2 6 0.3 0.28674
6000 4 6 2.48 2.450984
6000 6 6 15.68 15.551424
6000 8 6 92.77 91.93507
7000 2 6 0.29 0.276921
7000 4 6 2.4 2.37192
7000 6 6 15.78 15.65376
7000 8 6 92.49 91.65759
8000 2 6 0.3 0.28713
8000 4 6 2.4 2.37168
8000 6 6 15.68 15.535744
8000 8 6 92.32 91.479888
9000 2 6 0.31 0.296236
9000 4 6 2.44 2.412672
9000 6 6 16.26 16.12992
9000 8 6 96.89 96.066435
10000 2 6 0.3 0.28704
10000 4 6 2.44 2.412672
10000 6 6 16.41 16.283643
10000 8 6 97.49 96.632088
1000 2 7 0.28 0.266028
1000 4 7 2.31 2.280663
1000 6 7 14.69 14.559259
1000 8 7 85.91 85.076673
2000 2 7 0.28 0.266504
2000 4 7 2.36 2.330028
2000 6 7 15.36 15.223296
2000 8 7 89.24 88.374372
3000 2 7 0.28 0.265944
3000 4 7 2.56 2.529792
3000 6 7 16.24 16.10196
3000 8 7 90.98 90.142984
4000 2 7 0.29 0.270251
4000 4 7 2.43 2.396223
4000 6 7 15.59 15.445013
4000 8 7 90.92 90.047168
5000 2 7 0.29 0.272774
5000 4 7 2.55 2.51481
5000 6 7 15.87 15.725583
5000 8 7 93.74 92.89634
6000 2 7 0.28 0.260652
6000 4 7 2.44 2.407792
6000 6 7 15.83 15.697028
6000 8 7 93.55 92.68934
7000 2 7 0.29 0.26854
7000 4 7 2.41 2.374091
7000 6 7 15.75 15.616125
7000 8 7 93.66 92.807694
8000 2 7 0.29 0.271295
8000 4 7 2.42 2.390718
8000 6 7 15.79 15.638416
8000 8 7 94.28 93.403196
9000 2 7 0.29 0.272542
9000 4 7 2.65 2.61555
9000 6 7 16.45 16.310175
9000 8 7 97.5 96.6225
10000 2 7 0.3 0.28191
10000 4 7 2.49 2.455887
10000 6 7 16.32 16.182912
10000 8 7 98.09 97.20719
1000 2 8 0.28 0.261436
1000 4 8 2.27 2.234815
1000 6 8 14.75 14.612825
1000 8 8 86.33 85.423535
2000 2 8 0.29 0.274108
2000 4 8 2.33 2.298545
2000 6 8 15.14 15.002226
2000 8 8 89.68 88.756296
3000 2 8 0.29 0.270164
3000 4 8 2.65 2.615285
3000 6 8 15.85 15.70735
3000 8 8 91.32 90.397668
4000 2 8 0.29 0.267989
4000 4 8 2.38 2.344538
4000 6 8 15.23 15.091407
4000 8 8 91.3 90.35961
5000 2 8 0.3 0.28044
5000 4 8 2.45 2.404185
5000 6 8 15.84 15.699024
5000 8 8 94.31 93.3669
6000 2 8 0.32 0.299392
6000 4 8 2.41 2.381321
6000 6 8 15.79 15.654206
6000 8 8 94.09 93.1491
7000 2 8 0.29 0.271875
7000 4 8 2.39 2.359886
7000 6 8 15.9 15.76167
7000 8 8 93.92 92.971408
8000 2 8 0.29 0.272223
8000 4 8 2.39 2.360603
8000 6 8 15.67 15.533671
8000 8 8 93.31 92.395562
9000 2 8 0.29 0.272281
9000 4 8 2.45 2.420355
9000 6 8 17.07 16.921491
9000 8 8 98.56 97.633536
10000 2 8 0.34 0.317526
10000 4 8 2.55 2.51991
10000 6 8 16.41 16.270515
10000 8 8 97.5 96.564
1000 2 9 0.29 0.276138
1000 4 9 2.37 2.339901
1000 6 9 15.37 15.230133
1000 8 9 86.11 85.171401
2000 2 9 0.3 0.28602
2000 4 9 2.37 2.340849
2000 6 9 15.28 15.144008
2000 8 9 88.6 87.67856
3000 2 9 0.28 0.26614
3000 4 9 2.41 2.380357
3000 6 9 15.58 15.4242
3000 8 9 91.21 90.261416
4000 2 9 0.29 0.275529
4000 4 9 2.33 2.300642
4000 6 9 15.37 15.219374
4000 8 9 90.36 89.420256
5000 2 9 0.29 0.276051
5000 4 9 2.42 2.391202
5000 6 9 16.01 15.870713
5000 8 9 93.81 92.8719
6000 2 9 0.3 0.28605
6000 4 9 2.6 2.56958
6000 6 9 15.99 15.850887
6000 8 9 93.69 92.743731
7000 2 9 0.28 0.265944
7000 4 9 2.35 2.321095
7000 6 9 15.84 15.69744
7000 8 9 93.44 92.5056
8000 2 9 0.29 0.275703
8000 4 9 2.43 2.401569
8000 6 9 15.71 15.574894
8000 8 9 93.24 92.3076
9000 2 9 0.27 0.256635
9000 4 9 2.45 2.421825
9000 6 9 16.24 16.10196
9000 8 9 97.71 96.771984
10000 2 9 0.28 0.265692
10000 4 9 2.59 2.560215
10000 6 9 16.16 16.02264
10000 8 9 96.78 95.850912
1000 2 10 0.28 0.26516
1000 4 10 2.26 2.22949
1000 6 10 14.71 14.552603
1000 8 10 86.14 85.06325
2000 2 10 0.28 0.265608
2000 4 10 2.38 2.339302
2000 6 10 15.26 15.108926
2000 8 10 89.46 88.350696
3000 2 10 0.29 0.275993
3000 4 10 2.38 2.348346
3000 6 10 15.63 15.483078
3000 8 10 91.05 89.9574
4000 2 10 0.28 0.26572
4000 4 10 2.34 2.309112
4000 6 10 15.34 15.188134
4000 8 10 91.23 90.144363
5000 2 10 0.32 0.294464
5000 4 10 2.38 2.349774
5000 6 10 16.53 16.382883
5000 8 10 94.08 92.988672
6000 2 10 0.28 0.26614
6000 4 10 2.42 2.388782
6000 6 10 16.49 16.3251
6000 8 10 94.1 92.98021
7000 2 10 0.29 0.271817
7000 4 10 2.4 2.3664
7000 6 10 17.19 16.999191
7000 8 10 94.64 93.532712
8000 2 10 0.31 0.285789
8000 4 10 2.55 2.517105
8000 6 10 15.83 15.670117
8000 8 10 93.86 92.724294
9000 2 10 0.3 0.28116
9000 4 10 2.52 2.48598
9000 6 10 16.34 16.183136
9000 8 10 99.44 98.276552
10000 2 10 0.29 0.27173
10000 4 10 2.48 2.443792
10000 6 10 16.31 16.148531
10000 8 10 97.99 96.863115
